nohup: ignoring input
TTP/TTP	T1082	T1083	T1222.002	T1105	T1552.003	T1087.001	T1033	T1059.004	T1106	T1574	T1087	T1020
T1082	1.0	0.8	0.8154	0.8	0.8	1.0	1.0	0.7807	0.8	0.8	1.0	0.8
T1083	0.8	1.0	0.8	1.0	0.9314	0.8	0.8	0.9311	0.9314	1.0	0.8	0.8193
T1222.002	0.8154	0.8	1.0	0.8	0.9158	0.8154	0.8154	0.9294	0.9158	0.8	0.8154	0.7723
T1105	0.8	1.0	0.8	1.0	0.9314	0.8	0.8	0.9311	0.9314	1.0	0.8	0.8193
T1552.003	0.8	0.9314	0.9158	0.9314	1.0	0.8	0.8	0.8239	1.0	0.9314	0.8	0.8233
T1087.001	1.0	0.8	0.8154	0.8	0.8	1.0	1.0	0.7807	0.8	0.8	1.0	0.8
T1033	1.0	0.8	0.8154	0.8	0.8	1.0	1.0	0.7807	0.8	0.8	1.0	0.8
T1059.004	0.7807	0.9311	0.9294	0.9311	0.8239	0.7807	0.7807	1.0	0.8239	0.9311	0.7807	0.7824
T1106	0.8	0.9314	0.9158	0.9314	1.0	0.8	0.8	0.8239	1.0	0.9314	0.8	0.8233
T1574	0.8	1.0	0.8	1.0	0.9314	0.8	0.8	0.9311	0.9314	1.0	0.8	0.8193
T1087	1.0	0.8	0.8154	0.8	0.8	1.0	1.0	0.7807	0.8	0.8	1.0	0.8
T1020	0.8	0.8193	0.7723	0.8193	0.8233	0.8	0.8	0.7824	0.8233	0.8193	0.8	1.0

Group of graphs
{'T1033', 'T1087.001', 'T1087', 'T1082'}
{'T1083', 'T1574', 'T1105', 'T1106', 'T1222.002', 'T1552.003', 'T1059.004'}
{'T1020'}
